281.53456449508667 525.9880284368992 
45.885372161865234 439.03078731894493 
-94.65646147727966 192.56236401200294 
-129.2327105998993 -41.438604176044464 
-168.28638911247253 -208.34333869814873 
0.0 0.0 
-0.8625984191894531 -204.21117255091667 
24.09900426864624 -5.912039816379547 
41.11948013305664 115.72929212450981 
140.08169174194336 3.0612874031066895 
141.8194055557251 -184.51128298044205 
138.53695392608643 53.97572931647301 
144.56384181976318 156.19332611560822 
270.5780625343323 36.98906296491623 
271.8289375305176 -132.17646852135658 
247.69842624664307 98.23754194378853 
254.50143814086914 202.14432701468468 
410.22613048553467 85.95059984922409 
395.17621994018555 -40.72551101446152 
359.8998785018921 115.4655753672123 
358.7445259094238 193.6888072192669 
